100003
100207
100216
100326
100335
100394
100542
100601
100616
100749
100845
101100
101114
101232
101249
101302
101384
101429
101431
101439
101935
102019
102101
102148
102240
102256
102344
102357
102422
102448
102601
102720
102817
103028
103039
103064
103177
103181
103293
103501
103539
103830
103869
103963
104120
104168
104174
104177
104277
104297
104299
104411
104482
104486
104498
104646
10479
104858
105017
105021
105032
105084
105141
10527
105306
105350
105614
105632
105652
105656
105899
106012
106075
106208
106254
106279
106288
106307
106363
10643
106509
10651
106678
106842
106888
106905
10693
107135
107227
107259
107402
107406
107526
107576
10765
107681
107691
107728
107766
107831
107951
108020
108076
108405
108431
108482
108598
108605
108664
108682
108687
1087
108714
108762
108834
108849
108965
109109
109439
109504
109546
109716
109728
109736
109766
10978
109800
109959
110083
110155
110210
110228
110321
110339
110371
110414
110425
110499
110574
110814
110839
111157
111226
111267
111293
111327
111351
111360
111498
111553
111561
111759
111863
111982
11217
112230
112236
112255
112285
112297
112298
112308
112447
112734
112736
112741
112776
112962
113156
113182
113226
113277
113373
113387
113399
113452
113465
113507
113539
113542
113580
11364
113840
113880
113966
114032
114132
114176
114185
114216
114291
114351
114393
114498
114502
114575
114672
114863
115002
115085
115118
115171
115280
115462
115556
115567
115588
115591
115806
11582
115825
115838
115861
115873
115996
116053
116239
116398
116643
116701
116729
116792
116934
116963
116975
117005
117036
117072
117079
117153
117205
117236
11724
117276
117280
117287
117365
117499
117571
117628
117721
117735
117930
117999
118004
118151
118243
118252
118301
118389
118583
118664
118730
118740
118867
118877
119025
119031
119091
119250
119385
119421
119543
119572
119720
119754
120035
120144
120213
120230
120251
120277
120312
120342
120346
120353
120520
120551
120830
120883
120890
120977
121138
12117
121215
121287
121301
121381
121396
121406
121468
121495
121523
121832
121876
121891
12193
121961
122046
122126
122128
122208
122592
122612
122650
122778
122844
122890
122946
122953
123031
123192
123213
123369
12351
123563
123586
123672
123809
123896
124032
12404
124056
124110
124278
124335
124360
124483
124508
12462
124823
124859
125164
125174
125271
12536
125543
125690
125704
125740
125921
126110
126168
126181
126315
126443
126446
126538
126571
126657
126777
126782
126808
126844
126904
126958
127106
127183
127280
127305
127377
127424
127425
127430
127448
127479
127518
127606
127610
127800
127816
127818
127932
127997
128215
128225
128291
128383
128437
12849
128541
128594
128811
128844
128885
128904
129079
129302
129415
129418
129425
129548
129594
129618
129635
129672
129682
129727
130039
130140
130154
130217
130265
130273
130342
130359
130433
130582
130590
130631
130671
130730
130820
130929
130965
130968
130980
130987
131105
13111
131134
131141
131195
131231
13126
13142
131449
131487
131488
131490
131552
13168
13177
131772
131879
131932
131960
131998
132023
132032
132262
132290
132314
132333
132365
132388
132499
132524
132635
13266
132705
132740
132741
132748
132765
132811
132812
132815
132849
132868
132885
132933
133099
133182
133191
133228
133439
133524
133542
133662
133763
133807
133859
133860
133902
133927
133932
133982
133987
134014
134034
134146
134271
134409
134431
134483
134705
134723
134895
135037
135075
135206
135210
135272
13532
135430
135451
135457
135547
135570
135646
135873
135964
135997
136032
136044
136091
136158
136184
136211
136381
136401
136458
136496
136532
136538
136572
13682
136826
136827
136840
136869
137085
137141
137163
137166
137281
137311
137347
137401
137421
137433
137486
137504
137535
137556
137567
137577
137732
137737
137814
137905
1380
138062
138103
138127
138144
138153
138172
138180
138203
138242
138249
138258
138336
138377
138384
138389
138434
138443
138446
138449
138522
138544
138705
139008
139065
139072
139095
139097
139220
139236
139287
139289
139317
139414
139502
139612
139647
139780
139796
139880
139881
139900
139948
139964
140004
140007
140026
14006
140301
140385
140396
140427
140481
140639
140673
140794
140815
140892
140965
140993
141027
141067
141071
141113
141230
141320
141486
141512
141529
141670
141687
141741
141778
141903
141916
141980
142070
142124
142132
142152
142226
142294
142297
142339
14246
142517
142539
142666
142799
142839
142887
14290
142916
143089
143116
143117
143215
143229
143263
143278
143393
143412
143502
143519
143567
143591
143688
143703
143715
143740
143809
143816
143946
143959
14396
143990
144110
144168
144203
144216
144290
144302
144477
144508
144588
144709
144828
144898
144913
144915
144931
144978
145004
145031
145051
145058
145059
145083
145091
145109
145230
145270
145276
145277
145321
145323
145354
145397
145452
145543
145563
145649
145662
145697
145794
145803
145810
145823
145840
14589
145895
145934
145989
146058
146076
146121
146157
146230
146238
14624
146243
146269
14635
146408
146492
146498
146502
146558
146564
146690
146729
146771
146795
14681
146827
146888
146927
146981
147027
147065
147074
147090
147096
147159
147175
147176
147378
147415
147493
147560
147573
147628
147671
147790
147807
147857
147868
147899
14792
147931
148005
148009
148062
148082
148209
148214
148264
148336
148419
148493
148542
148564
148613
148648
148737
148742
148754
148758
148785
148786
148902
148913
148978
148987
149078
149093
149134
149179
149232
149257
149275
149303
149324
149343
149431
149539
149574
149605
149619
149662
149684
149715
149733
149758
149803
149843
149864
149942
149993
150048
150084
150104
150111
150244
150259
150326
150396
150411
150420
150443
150485
150541
150563
150574
15058
150591
150607
150648
150663
150684
150710
150754
150824
150845
150862
150877
150902
150925
150942
150946
151014
15103
151070
151090
151121
151145
151178
151195
151218
151300
151359
151449
151461
151484
151512
151514
15152
151557
151561
151638
151701
151743
151811
151812
151896
151902
151919
151967
152038
152067
152084
152114
15215
152195
152208
152234
152236
152274
152294
152317
152439
152484
152577
152627
152711
152740
152783
152786
152880
152888
152971
153017
153025
153046
153056
153063
153074
153169
153181
153218
153280
153320
153390
153467
153494
153551
153556
153612
153651
153659
153661
153696
153722
153801
153902
153921
154014
154040
154060
154085
154125
154191
154219
154251
154273
154303
154385
154412
154438
154439
154461
154484
154557
154562
154563
154571
154577
154578
154613
154618
154634
154638
154670
154685
154756
154774
154828
154873
154874
154957
154973
154977
155056
155066
155077
155101
155116
155125
155155
15518
155195
155200
15521
155215
155234
155308
155394
155410
155513
155569
155616
155624
155627
155678
155713
155742
155864
155867
155875
155951
156001
156073
156095
156131
156180
156204
156220
156273
156286
156313
156335
156338
156345
156357
156385
156474
156511
156512
156523
156597
156613
156617
156643
156679
156720
156733
156770
156852
156858
156904
156924
156953
157021
157039
157068
157118
157168
157175
157203
157297
157300
157304
157309
157346
157479
157484
157512
157528
157608
157652
157656
157698
157721
157732
157845
157914
157944
157953
157957
158078
158166
158180
158257
158299
158300
158308
158346
158360
158419
158429
158449
158517
158536
158589
158618
158634
158771
158779
158800
158803
158840
15887
158890
158925
158933
158976
159005
159106
159118
159151
159152
159153
159156
159163
159259
159303
159308
15933
159336
159340
159365
159386
159405
159423
159426
159428
159442
15946
159483
159486
159518
159536
159557
159560
159569
159637
159676
159699
159748
159792
159805
159837
159868
159871
159872
159964
159982
160002
160057
160271
160285
160331
160390
160398
160445
160457
160465
160469
160473
160534
160562
160566
160577
160607
160645
160663
160712
160865
160885
160951
160986
160994
161015
161016
161035
161037
161048
161074
161105
161125
161131
161147
161256
16129
161302
161304
161421
161431
161454
161473
161495
161540
161561
161618
161644
161683
161705
161772
161787
161841
161859
161927
161938
161943
161983
162012
162054
162090
162171
162205
162206
162214
162224
162249
162291
162319
162340
162426
162440
162525
162608
162636
162656
162700
162764
162828
162832
162920
162937
162956
162976
162982
162993
163019
163022
163051
163114
163131
163144
163203
163225
163233
163264
163284
163350
163384
163425
163449
163486
163493
163494
163534
163676
163774
163777
163787
163797
163800
163801
163836
163840
163912
163951
163952
163966
164041
164046
164069
164106
164147
164192
164199
164228
164247
164298
164316
164335
164358
164365
164370
164410
164450
164451
164481
164485
164491
164493
164509
164551
164591
164606
164611
164644
164651
164653
164674
164692
164702
164729
164828
164902
16492
164920
164927
164969
164999
165024
165028
165061
165064
165076
165101
165119
165123
165144
165159
165196
165225
165226
165235
165267
165277
165329
165384
165389
165397
165401
165447
165481
165529
165552
165559
165593
165634
165649
165658
165694
165697
165734
165756
165763
165764
16577
165773
165790
165844
165868
165882
165884
165888
165917
165943
165954
165964
166005
166074
166081
166086
166131
166144
166161
166189
166219
166241
166293
166302
166316
166338
166355
166408
166431
166469
166481
166501
16651
166545
166616
166678
166724
166730
166800
166810
166835
166856
166857
16686
166901
166998
167062
167073
167075
167084
167151
167153
167167
167190
167207
167217
167243
167287
167307
167308
167339
167341
167345
167347
167349
167373
167380
167395
167401
167407
167416
167425
167432
167480
167486
167488
167500
167568
167573
167582
167584
167585
167600
167621
167628
167633
167647
167668
167673
167675
167735
167751
167760
167771
167772
167833
167842
167875
167889
167893
167917
167931
167942
168014
168092
168095
168101
168129
168151
168164
168175
168255
168265
168281
168300
168308
168371
168376
168418
168448
168449
168451
168462
168486
168525
168529
168538
168553
168623
168625
168642
168652
168653
168654
168682
168687
168716
168717
168785
168786
168790
168796
168814
168833
168841
168884
168905
168910
168920
168948
168966
168987
168994
169031
169044
169048
169052
169076
169093
169103
169140
169171
169172
169207
169311
169316
169320
169323
169352
169354
169355
169389
169424
169426
169428
169460
169467
169475
169508
169520
169524
169526
169556
169592
169625
169626
169648
169692
169695
169721
169723
169736
169763
169770
169785
169788
169808
169809
169868
169909
169914
169934
169944
170000
170004
170031
170065
170076
170110
170120
170123
170125
170139
170141
170148
170165
170176
170178
170188
170200
170221
170223
170227
170289
170302
170329
170330
170339
170379
170389
170397
170406
170456
170466
170487
170509
170545
170550
170563
170572
170592
170593
170595
170617
170626
170639
170666
170689
170693
170695
170697
170704
170715
170757
170760
170768
170771
170774
170776
170791
170815
170821
170823
170885
170908
170936
170938
170948
170953
170956
170976
170985
170994
171038
171042
171044
171054
171055
171068
171084
171107
171115
171120
171148
171160
171161
171169
171174
171178
17118
171192
171197
171201
171211
171285
171302
171323
171346
171349
171359
171363
171373
171376
171382
171395
171396
171407
171416
171440
171448
171452
171469
17148
171483
171505
17152
171530
171544
171550
171558
171561
171571
171576
171577
171580
171583
171589
171606
171613
171614
171616
171618
171620
171628
171631
171661
171683
171723
171749
171756
171757
171779
171781
171792
171803
171816
171821
171835
171846
171848
171849
171862
171863
171869
171880
171889
171910
171917
171921
171926
171935
171953
171967
171998
172010
172017
172029
172044
172055
172090
172111
172129
172138
172142
172160
172167
172180
172188
172197
172209
172220
172242
172271
172278
172291
172295
172297
172317
172321
172322
172350
172357
172362
172364
172374
172382
172384
172389
172409
172419
172433
172435
172438
172466
172498
172500
172513
172534
172548
172555
172557
17257
172606
172634
172635
172638
172639
172641
172644
172646
172651
172659
172661
172671
172673
172676
172693
172694
172695
172696
172704
172721
172723
172732
172733
172744
172747
172755
172762
172764
172765
172767
172769
172771
172775
172784
172788
172789
172790
172791
172794
172796
172798
172800
172801
172802
172807
172814
172817
172822
172826
172827
172830
172836
172842
172850
172851
172856
172860
172863
172869
172870
172880
172881
172882
172891
172893
172906
172910
172915
172917
172918
172919
172922
172928
172931
172939
172941
172950
172953
172958
172964
172966
172980
172982
172992
172997
173001
173007
17324
17551
17621
17797
18069
18245
18264
18373
18636
18663
18727
19080
19114
19168
19514
19618
19625
19760
19805
19953
20001
20216
20557
20801
20947
21043
21233
21294
21356
21405
21554
21603
21678
21700
2173
22292
22364
22418
2281
2295
23105
23188
23375
23447
23550
23634
23657
23783
23824
23856
23910
23975
24276
24374
24588
24795
24930
25039
25158
25238
25306
25339
25486
25790
25813
25977
26036
26249
26277
26284
26315
26361
26404
26642
26652
2669
26706
26747
26749
2679
26946
27006
27178
27273
27439
28004
28092
28244
28250
28418
28617
28912
28936
2900
29002
29249
29263
29353
29492
29642
29765
3006
30086
30196
30482
30511
30592
30602
30775
30863
30895
30971
31111
31248
31291
31346
31582
31687
32017
32043
32134
32161
32238
32362
32480
32522
32586
32643
32689
32702
32832
32926
33028
33123
33133
33227
33283
33346
33360
33555
33648
33744
33820
34074
34213
34356
34374
34376
34493
34519
34575
3461
34635
34695
34766
34950
35137
3519
35300
35351
35375
35413
35439
35565
35663
3568
35689
35703
35747
35867
35869
35969
35970
36136
36158
36163
36309
36408
36639
36774
36965
36974
37058
37085
37092
3715
3726
37363
37433
37462
37599
37781
37879
37967
38116
38405
3842
38427
38876
38991
39182
39190
39207
39327
3938
3939
395
39542
39747
39829
39830
3996
400
40015
40195
40384
40387
40541
40588
4060
4065
4070
40804
40938
41042
41082
41315
41340
4147
4151
41640
41680
41885
41895
41913
42205
42321
42400
42411
42573
42668
42823
4288
42966
43114
43213
43283
4336
43454
43465
4350
43569
4392
44108
44420
44447
4448
44500
44505
44608
4461
44861
45110
45231
45287
45302
45687
45727
46054
46145
46165
46413
46885
46947
4696
47058
47152
47168
47283
47334
47591
47631
47640
47658
47770
47825
47858
47993
48014
48085
48086
48145
48174
48242
48436
48551
48623
48888
49142
4938
49598
49715
49733
49843
4987
49993
50084
50177
50205
50217
50269
50572
50707
50804
51288
51371
51500
51541
51698
51701
52056
52073
52208
52228
52297
5236
52387
52506
52570
52650
52687
52994
53088
53473
53520
53711
53855
53856
53947
54084
54091
54127
54188
54219
54269
54367
54730
54838
55053
55109
55213
55257
55352
55443
55497
55564
55694
5573
5577
55848
55966
56010
56052
56107
56168
56172
56364
56410
5642
56455
56636
56658
56686
56695
56915
56978
5699
57050
57052
57135
57158
57234
5724
57254
57259
57306
57328
57367
57384
57483
57532
57624
57701
57920
57921
58019
58129
5814
58155
58251
58261
58284
58329
58469
58520
58763
58842
58997
59087
59151
59250
59259
5928
59294
59300
59318
5950
59538
59669
59755
59763
59765
59776
59866
60113
60151
60220
60261
60274
60277
60303
60312
60591
60623
60629
60723
60850
60876
60878
60972
61058
61115
61151
61323
61435
61450
61493
61521
61545
61572
61669
61784
61908
62030
62101
62266
62343
62369
62404
62415
62527
62563
62576
62592
62638
62996
62998
63011
63103
63191
63241
63302
63444
63521
63536
63600
63624
63660
64023
64073
64302
64667
64825
64848
64873
64942
65053
65114
65137
65245
6526
6527
65296
6536
65371
6554
65690
65726
6587
65981
66200
66222
66233
6640
66742
66791
66848
66948
66968
66997
67074
67146
67273
67306
67308
67390
67411
67645
67717
67793
67844
68374
68571
68670
69018
69162
69168
69241
69311
69327
69571
69572
69728
69749
69815
69841
69882
69911
69933
69966
70014
70058
70108
70151
70268
70412
70489
70548
70706
70747
70842
70876
70892
70904
70957
71050
71104
71117
71129
71184
71448
71567
71608
71669
71710
71785
72011
7214
72298
72493
72595
72659
72758
72831
72908
7297
73121
73125
73306
73387
73425
73444
73487
73659
73756
73852
73873
73900
74189
74286
74429
74440
74567
74591
74600
74622
74646
74652
75041
75619
75715
75724
7579
75906
76002
76027
76050
76331
76366
76456
76460
76474
766
76687
76856
76878
76900
76969
77085
77106
77118
77154
77209
7729
77372
77417
77473
77508
77605
77656
77682
77816
78059
78129
78151
78283
78448
78460
78526
78642
78708
79133
79147
79262
79341
79389
79520
79615
79675
79689
79704
79733
79770
79796
8008
80109
80114
8033
80419
80474
80710
80724
80793
80885
80897
80925
81027
81067
81076
81199
81205
81365
81507
81582
81773
81904
81905
82152
82303
82392
82402
82426
82528
82580
82584
82785
82968
83154
83213
83214
83255
83303
83324
83377
83441
83484
83896
83945
84056
84114
8417
84194
84367
84390
84396
84447
84535
84786
84807
84896
84924
84985
85016
85103
85226
85236
85275
85294
85335
85387
85537
85934
86005
86017
86092
86191
86239
86427
86471
86544
86826
86833
86919
87184
87193
87268
87486
87541
87553
87604
87700
87853
87856
87948
87981
87993
88032
88099
8810
88261
88456
88782
88804
88958
89152
89171
89246
89313
89468
89504
89514
89548
896
89923
90098
90257
90268
90289
90433
9063
90848
90868
90931
90983
9110
91203
91508
91659
91701
91731
91857
91859
91900
91948
91968
92164
92374
92395
92411
92487
92593
92646
92732
92851
92953
92996
93140
93151
93209
93286
93332
93344
93503
93560
93611
93636
93930
94044
94160
94168
94307
94427
94479
94523
94785
94902
95081
95238
95281
95285
95603
95604
9572
96047
96075
96127
96132
96160
96331
96424
96496
96523
96562
96571
96600
96660
96684
96708
96720
96776
96803
96834
97141
97379
97526
97598
97601
97632
97674
97695
97853
97988
98031
98113
98152
98179
98284
98385
98626
98633
98743
98759
98987
99047
99066
99127
99441
99526
99596
99619
99686
9970
99715
9982
99947
